+----+----------------------------+-------------------+----------------------+----------------+---------------+-------------+-------------------------+------------------------+----------------+---------------+---------------+-------------------+-----------------+------------------+-----------------+----------------+----------------------+------------+------------------+------------+---------------+-----------+------------------+------------+-----------+----------+------------------+--------------+----------------+----------------------+-------------------------+
|    | Date                       |   Adventurousness |   Artistic interests |   Emotionality |   Imagination |   Intellect |   Authority-challenging |   Achievement striving |   Cautiousness |   Dutifulness |   Orderliness |   Self-discipline |   Self-efficacy |   Activity level |   Assertiveness |   Cheerfulness |   Excitement-seeking |   Outgoing |   Gregariousness |   Altruism |   Cooperation |   Modesty |   Uncompromising |   Sympathy |     Trust |    Fiery |   Prone to worry |   Melancholy |   Immoderation |   Self-consciousness |   Susceptible to stress |
|----+----------------------------+-------------------+----------------------+----------------+---------------+-------------+-------------------------+------------------------+----------------+---------------+---------------+-------------------+-----------------+------------------+-----------------+----------------+----------------------+------------+------------------+------------+---------------+-----------+------------------+------------+-----------+----------+------------------+--------------+----------------+----------------------+-------------------------|
|  0 | 2017-12-12 02:57:25.305000 |          96.054   |              95.7049 |        66.8504 |      44.7297  |     99.2398 |                 89.148  |               86.5458  |       92.3343  |       91.9562 |     30.3126   |          69.2304  |        80.0306  |         97.9444  |        95.5215  |       42.9261  |             16.1937  | 83.1885    |      17.2747     |    96.2901 |       77.0195 |   40.0329 |          71.6741 |    99.8086 | 96.2899   |  3.87441 |          8.45813 |      24.9553 |        1.62193 |              28.2929 |                 7.55871 |
|  1 | 2017-12-12 02:58:56.256000 |           2.1205  |              57.9677 |        91.7244 |      31.3138  |     84.2277 |                 44.3025 |               56.554   |       84.5056  |       96.0639 |      5.5866   |          63.6763  |        21.939   |         28.7104  |        17.677   |       30.1814  |              3.33996 |  5.10911   |       0.204316   |    82.4542 |       94.3206 |   99.96   |          98.6162 |    96.3561 | 20.3034   | 39.0458  |         89.0822  |      94.0933 |       56.8963  |              93.6502 |                97.3907  |
|  2 | 2017-12-12 02:59:14.069000 |          38.9828  |              92.6166 |        98.9278 |      95.5472  |     87.5152 |                 17.3164 |                9.86253 |        1.36647 |       22.3066 |      5.21318  |           6.85891 |        13.8054  |         24.5859  |        24.4581  |       51.4485  |             85.5954  | 16.0338    |       7.06546    |    85.3262 |       12.9521 |   99.9667 |          58.7224 |    97.5823 |  1.40907  | 87.0359  |         96.9109  |      99.6675 |       57.7954  |              80.8541 |                99.1633  |
|  3 | 2017-12-12 02:59:50.925000 |          25.8457  |              70.185  |        68.4541 |      40.3624  |     66.7954 |                 65.4349 |               27.8216  |       30.7322  |       51.1445 |      1.11784  |           6.22779 |         8.41231 |          4.01214 |        32.7266  |       14.5247  |             13.4343  |  0.360993  |       0.692413   |    68.7158 |       42.686  |   99.0307 |          82.5147 |    85.1975 |  0.103821 | 78.7811  |         90.9299  |      99.5658 |       82.5234  |              97.9362 |                98.2347  |
|  4 | 2017-12-12 03:00:03.783000 |           6.33666 |              38.4924 |        88.0116 |      29.857   |     95.6955 |                 76.9314 |               82.0708  |       93.1744  |       96.852  |      2.5864   |          61.4306  |        60.3531  |         45.1704  |        47.0738  |       20.8259  |              9.12033 |  3.01218   |       0.19414    |    86.7916 |       82.6131 |   99.3908 |          97.7238 |    97.9451 | 24.7006   | 21.3459  |         83.1225  |      88.2149 |       76.6199  |              92.8469 |                85.9968  |
|  5 | 2017-12-12 03:00:14.897000 |          37.5536  |              46.1618 |        70.0666 |      28.1582  |     92.1317 |                 96.6347 |               57.1038  |       90.9903  |       67.8318 |      8.35167  |          26.9778  |        48.1967  |         57.7711  |        66.6952  |       11.884   |             13.1314  | 21.573     |       4.88266    |    84.8778 |       71.693  |   80.3772 |          71.1359 |    95.7448 | 68.6852   |  6.87187 |         46.3066  |      71.7604 |       86.0916  |              69.4081 |                55.3675  |
|  6 | 2017-12-12 03:00:26.243000 |          17.6429  |              31.8874 |        77.8865 |      25.412   |     74.3011 |                 61.3343 |               66.3615  |       92.6819  |       84.7555 |      3.11513  |          48.6176  |        68.616   |         73.9478  |        52.8476  |       44.4004  |             37.0169  | 36.5891    |      17.6862     |    79.5915 |       56.5149 |   85.8343 |          54.5239 |    88.882  | 65.1388   | 15.3892  |         83.4186  |      84.3657 |       58.738   |              74.8761 |                83.6722  |
|  7 | 2017-12-12 03:00:37.416000 |          11.1293  |              76.5113 |        77.3638 |      51.8984  |     94.7102 |                 97.7043 |               30.2041  |       63.1404  |       46.9284 |      0.133132 |          17.2172  |         5.48729 |         48.9227  |        36.0834  |        6.38457 |             13.7513  |  3.3164    |       4.91264    |    75.8836 |       39.7006 |   92.5819 |          51.2757 |    94.2311 | 18.4017   | 58.2253  |         95.2871  |      98.204  |       91.9608  |              89.1825 |                94.6783  |
|  8 | 2017-12-12 03:00:52.990000 |          24.2516  |              66.7681 |        69.6143 |      29.1503  |     93.9776 |                 84.9461 |               73.343   |       98.228   |       94.1483 |     17.2147   |          73.1517  |        79.6516  |         84.8838  |        84.9945  |       30.253   |             14.9193  | 60.8673    |      25.6487     |    89.2947 |       76.0887 |   49.5148 |          63.5237 |    91.0701 | 82.3452   |  4.71983 |         64.0899  |      44.874  |       43.7384  |              41.0992 |                34.6002  |
|  9 | 2017-12-12 03:01:07.721000 |           2.79627 |              39.6624 |        98.3354 |       5.26314 |     82.5788 |                 90.4163 |               40.5756  |       81.995   |       87.1728 |      0.674057 |          34.9293  |         8.55314 |         37.1366  |        59.4897  |       41.3824  |              2.32911 | 50.4065    |      14.4444     |    95.6172 |       76.1625 |   95.2567 |          83.9004 |    99.9212 | 24.2661   | 57.6563  |         89.7666  |      86.4994 |       84.3749  |              59.7234 |                89.2662  |
| 10 | 2017-12-12 03:01:23.102000 |          11.5578  |              82.5716 |        74.3    |      40.4433  |     96.7304 |                 99.9612 |               33.2455  |       99.8097  |       94.9524 |      0.63676  |          14.5771  |         8.85986 |         21.8618  |         1.54306 |        1.01831 |              3.95928 |  0.0288762 |       0.00776938 |    40.9688 |       92.9922 |   88.7318 |          92.2078 |    88.915  | 70.0703   |  8.35909 |         91.8653  |      95.1962 |       96.6867  |              99.6685 |                94.1569  |
| 11 | NaT                        |          24.9337  |              63.5026 |        80.1395 |      38.376   |     87.9912 |                 74.9209 |               51.2444  |       75.3598  |       75.8284 |      6.81291  |          38.445   |        36.7186  |         47.7224  |        47.1919  |       26.839   |             19.3446  | 25.4987    |       8.45576    |    80.5283 |       65.7039 |   84.6071 |          75.0744 |    94.1504 | 42.8831   | 34.6641  |         76.2943  |      80.6724 |       67.0043  |              75.2307 |                76.3714  |
+----+----------------------------+-------------------+----------------------+----------------+---------------+-------------+-------------------------+------------------------+----------------+---------------+---------------+-------------------+-----------------+------------------+-----------------+----------------+----------------------+------------+------------------+------------+---------------+-----------+------------------+------------+-----------+----------+------------------+--------------+----------------+----------------------+-------------------------+
